SUMMARY
rows: 22435
time_start: 1765391067.7944868
time_end: 1765391339.8469536
duration_s: 272.05246686935425
speed_min: 0.0
speed_max: 8.678
speed_mean: 3.542162469355917
throttle_mean: 0.19341747269890797
brake_mean: 0.5178419433920214

Large events:
12,990,1765391067.931338,0.85,0.0,-0.014,0.137,-0.016999999999999987,0.0010008811950683594,-16.985032872796555,0.0,0.0,0.0
46,1024,1765391068.3209524,0.85,0.0,-0.01,0.278,0.27,0.010506868362426758,25.697476230456786,0.0,0.0,0.0
47,1025,1765391068.3409913,0.85,0.0,-0.01,0.514,0.236,0.020038843154907227,11.777126961653321,0.0,0.0,0.0
48,1026,1765391068.3446069,0.85,0.0,-0.01,0.728,0.21399999999999997,0.0036156177520751953,59.18767266732607,0.0,0.0,0.0
49,1027,1765391068.3553853,0.85,0.0,-0.01,0.949,0.22099999999999997,0.010778427124023438,20.503919306317464,0.0,0.0,0.0
50,1028,1765391068.3639054,0.85,0.0,-0.01,1.092,0.14300000000000013,0.008520126342773438,16.78378867248714,0.0,0.0,0.0
51,1029,1765391068.3729813,0.85,0.0,-0.01,1.24,0.1479999999999999,0.00907588005065918,16.30695857304226,0.0,0.0,0.0
52,1030,1765391068.3836591,0.85,0.0,-0.01,1.387,0.14700000000000002,0.010677814483642578,13.766862144420132,0.0,0.0,0.0
54,1032,1765391068.4183004,0.85,0.0,-0.01,1.822,0.27500000000000013,0.0019991397857666016,137.55916517590944,0.0,0.0,0.0
55,1033,1765391068.4293118,0.85,0.0,-0.01,1.939,0.11699999999999999,0.011011362075805664,10.625388502760636,0.0,0.0,0.0
56,1034,1765391068.4383233,0.85,0.0,-0.01,2.036,0.09699999999999998,0.009011507034301758,10.76401534513321,0.0,0.0,0.0
57,1035,1765391068.4463336,0.85,0.0,-0.01,2.11,0.07399999999999984,0.008010387420654297,9.238005119352323,0.0,0.0,0.0
58,1036,1765391068.4538474,0.85,0.0,-0.01,2.191,0.08099999999999996,0.007513761520385742,10.780219704902422,0.0,0.0,0.0
59,1037,1765391068.4647913,0.85,0.0,-0.01,2.288,0.09699999999999998,0.010943889617919922,8.863393490479716,0.0,0.0,0.0
61,1039,1765391068.497581,0.85,0.0,-0.009,2.557,0.17899999999999983,0.002289295196533203,78.19000374921883,0.0,0.0,0.0
62,1040,1765391068.5080864,0.85,0.0,-0.009,2.641,0.08400000000000007,0.010505437850952148,7.995859020039496,0.0,0.0,0.0
63,1041,1765391068.5161092,0.85,0.0,-0.009,2.701,0.06000000000000005,0.008022785186767578,7.478699554234776,0.0,0.0,0.0
64,1042,1765391068.5231185,0.85,0.0,-0.009,2.751,0.04999999999999982,0.007009267807006836,7.133412701112257,0.0,0.0,0.0
65,1043,1765391068.533615,0.85,0.0,-0.008,2.823,0.07200000000000006,0.01049661636352539,6.859353291237002,0.0,0.0,0.0
66,1044,1765391068.5441978,0.85,0.0,-0.008,2.896,0.07299999999999995,0.010582685470581055,6.898060062630946,0.0,0.0,0.0
68,1046,1765391068.5751102,0.85,0.0,-0.008,3.105,0.14000000000000012,0.0009999275207519531,140.0101478302338,0.0,0.0,0.0
69,1047,1765391068.5831203,0.85,0.0,-0.008,3.157,0.052000000000000046,0.008010149002075195,6.491764383724743,0.0,0.0,0.0
70,1048,1765391068.5921242,0.85,0.0,-0.008,3.211,0.053999999999999826,0.009003877639770508,5.997416020124435,0.0,0.0,0.0
71,1049,1765391068.5991342,0.85,0.0,-0.008,3.256,0.04499999999999993,0.007009983062744141,6.4194163662335795,0.0,0.0,0.0
72,1050,1765391068.6082182,0.85,0.0,-0.008,3.315,0.05900000000000016,0.009083986282348633,6.494945959423656,0.0,0.0,0.0
73,1051,1765391068.6192334,0.85,0.0,-0.007,3.382,0.06700000000000017,0.011015176773071289,6.082517001796513,0.0,0.0,0.0
75,1053,1765391068.650769,0.85,0.0,-0.007,3.57,0.12699999999999978,0.001004934310913086,126.37641945432955,0.0,0.0,0.0
76,1054,1765391068.659793,0.85,0.0,-0.007,3.62,0.050000000000000266,0.009023904800415039,5.5408385954715085,0.0,0.0,0.0
77,1055,1765391068.6684756,0.85,0.0,-0.007,3.671,0.05099999999999971,0.008682727813720703,5.873730133450459,0.0,0.0,0.0
78,1056,1765391068.6760044,0.85,0.0,-0.007,3.714,0.04300000000000015,0.007528781890869141,5.711415289125361,0.0,0.0,0.0
79,1057,1765391068.685027,0.85,0.0,-0.007,3.766,0.052000000000000046,0.00902247428894043,5.763385778083138,0.0,0.0,0.0
80,1058,1765391068.6960938,0.85,0.0,-0.007,3.829,0.06300000000000017,0.011066913604736328,5.692644060493789,0.0,0.0,0.0
82,1060,1765391068.7281752,0.85,0.0,-0.006,4.011,0.12300000000000022,0.0019989013671875,61.53380152671767,0.0,0.0,0.0
83,1061,1765391068.736186,0.85,0.0,-0.006,4.057,0.04600000000000026,0.0080108642578125,5.742201904761938,0.0,0.0,0.0
84,1062,1765391068.7441936,0.85,0.0,-0.006,4.105,0.04800000000000004,0.008007526397705078,5.99436050735426,0.0,0.0,0.0
85,1063,1765391068.7527018,0.85,0.0,-0.006,4.148,0.04299999999999926,0.00850820541381836,5.053944740234178,0.0,0.0,0.0
86,1064,1765391068.7612085,0.85,0.0,-0.006,4.199,0.051000000000000156,0.00850677490234375,5.9952215246636955,0.0,0.0,0.0
87,1065,1765391068.771205,0.85,0.0,-0.006,4.255,0.05600000000000005,0.009996414184570312,5.602008776950968,0.0,0.0,0.0
90,1068,1765391068.8054469,0.85,0.0,-0.005,4.44,0.05200000000000049,0.007135152816772461,7.287860727770978,0.0,0.0,0.0
91,1069,1765391068.8179543,0.85,0.0,-0.005,4.51,0.0699999999999994,0.012507438659667969,5.59666946244753,0.0,0.0,0.0
92,1070,1765391068.8259845,0.85,0.0,-0.005,4.553,0.04300000000000015,0.008030176162719727,5.354801579525567,0.0,0.0,0.0
93,1071,1765391068.835053,0.85,0.0,-0.005,4.604,0.051000000000000156,0.009068489074707031,5.6238695972237,0.0,0.0,0.0
94,1072,1765391068.8450894,0.85,0.0,-0.005,4.661,0.056999999999999496,0.010036468505859375,5.679288483466312,0.0,0.0,0.0
95,1073,1765391068.8561838,0.85,0.0,-0.005,4.719,0.05800000000000072,0.011094331741333008,5.227894870307159,0.0,0.0,0.0
97,1075,1765391068.8872402,0.85,0.0,-0.005,4.887,0.11399999999999988,0.00099945068359375,114.0626564885495,0.0,0.0,0.0
98,1076,1765391068.897317,0.85,0.0,-0.005,4.94,0.053000000000000824,0.010076761245727539,5.259626452147248,0.0,0.0,0.0
99,1077,1765391068.9053247,0.85,0.0,-0.005,4.987,0.04699999999999971,0.00800776481628418,5.869303242325864,0.0,0.0,0.0
101,1079,1765391068.9221623,0.85,0.0,-0.004,5.076,0.04800000000000004,0.008324384689331055,5.76619195188315,0.0,0.0,0.0
102,1080,1765391068.9332066,0.85,0.0,-0.004,5.134,0.05800000000000072,0.01104426383972168,5.251594931243724,0.0,0.0,0.0
103,1081,1765391068.9432788,0.85,0.0,-0.004,5.19,0.05600000000000005,0.01007223129272461,5.559840552951764,0.0,0.0,0.0

Osc windows:
(36, 40, 1765391068.2173393, 1765391068.2761927)
(37, 41, 1765391068.2263598, 1765391068.278193)
(224, 228, 1765391070.2610345, 1765391070.294422)
(225, 229, 1765391070.2680583, 1765391070.3049476)
(226, 230, 1765391070.2782812, 1765391070.336204)
(251, 255, 1765391070.5514054, 1765391070.5839362)
(252, 256, 1765391070.558642, 1765391070.6494138)
(276, 280, 1765391070.8850307, 1765391070.94331)
(303, 307, 1765391071.175311, 1765391071.2100282)
(304, 308, 1765391071.1837318, 1765391071.241148)
(310, 314, 1765391071.2508924, 1765391071.2871165)
(311, 315, 1765391071.2600186, 1765391071.297184)
(353, 357, 1765391071.715242, 1765391071.7481952)
(354, 358, 1765391071.7235663, 1765391071.7587981)
(355, 359, 1765391071.7325723, 1765391071.7693896)
(356, 360, 1765391071.7410803, 1765391071.800929)
(361, 365, 1765391071.803131, 1765391071.8350441)
(377, 381, 1765391071.9682252, 1765391072.004538)
(378, 382, 1765391071.9773514, 1765391072.0353358)
(383, 387, 1765391072.0363357, 1765391072.0693374)
(384, 388, 1765391072.0433898, 1765391072.0793443)
(385, 389, 1765391072.052398, 1765391072.0909598)
(406, 410, 1765391072.2831824, 1765391072.3170242)
(407, 411, 1765391072.291187, 1765391072.3280506)
(408, 412, 1765391072.3002558, 1765391072.3591735)
(429, 433, 1765391072.5350497, 1765391072.572158)
(430, 434, 1765391072.544074, 1765391072.6041033)
(435, 439, 1765391072.6051028, 1765391072.6397107)
(436, 440, 1765391072.613108, 1765391072.6504695)
(465, 469, 1765391072.9392092, 1765391072.9750795)
(466, 470, 1765391072.948221, 1765391072.9861422)
(472, 476, 1765391073.0195448, 1765391073.055344)
(473, 477, 1765391073.028069, 1765391073.0663517)
(478, 482, 1765391073.0988438, 1765391073.1312692)
(479, 483, 1765391073.0998445, 1765391073.1403146)
(502, 506, 1765391073.3764918, 1765391073.4050677)
(503, 507, 1765391073.3784938, 1765391073.4140894)
(504, 508, 1765391073.3870134, 1765391073.4242427)
(505, 509, 1765391073.3960412, 1765391073.436293)
(506, 510, 1765391073.4050677, 1765391073.4680684)
(512, 516, 1765391073.4780934, 1765391073.5151007)
(518, 522, 1765391073.550374, 1765391073.5860615)
(519, 523, 1765391073.5584888, 1765391073.5970817)
(533, 537, 1765391073.7221863, 1765391073.7571614)
(541, 545, 1765391073.8115115, 1765391073.8479695)
(542, 546, 1765391073.8210194, 1765391073.8620994)
(548, 552, 1765391073.8923123, 1765391073.9281883)
(549, 553, 1765391073.90155, 1765391073.9386134)
(550, 554, 1765391073.910057, 1765391073.9495838)
(556, 560, 1765391073.9843585, 1765391074.018758)

Throttle quicks:
5,983,1765391067.8470876,0.85,0.0019998550415039062,0.85,0.206
157,1135,1765391069.5377347,-0.273,0.008747339248657227,0.484,8.234
161,1139,1765391069.5734198,-0.352,0.011031150817871094,0.132,8.382
1190,2171,1765391081.1646404,0.755,0.009985685348510742,0.85,4.376
1270,2251,1765391082.0566385,-0.28600000000000003,0.007297515869140625,0.564,8.197
1274,2255,1765391082.0946076,-0.37999999999999995,0.011192798614501953,0.184,8.374
1302,2283,1765391082.4049296,0.22499999999999998,0.010506153106689453,0.35,8.007
1878,2859,1765391088.9861205,-0.347,0.011010408401489258,0.0,5.264
3285,4267,1765391105.4350703,0.85,0.03096318244934082,0.85,0.002
3369,4351,1765391106.410112,-0.6849999999999999,0.011034965515136719,0.165,4.803
3393,4375,1765391106.7199621,0.85,0.03357982635498047,0.85,3.158
3429,4411,1765391107.1311138,-0.7969999999999999,0.010641336441040039,0.053,4.449
3441,4423,1765391107.279202,0.85,0.010109424591064453,0.85,4.728
3512,4495,1765391108.1610332,-0.514,0.008544921875,0.241,8.277
3536,4519,1765391108.4529934,0.209,0.010538101196289062,0.209,8.087
3544,4527,1765391108.5505147,0.20699999999999996,0.012451887130737305,0.566,7.85
3567,4551,1765391108.8564458,-0.201,0.0,0.288,8.278
3571,4555,1765391108.8963099,-0.21599999999999997,0.013281583786010742,0.072,8.325
3615,4599,1765391109.4271045,-0.21099999999999997,0.010946035385131836,0.364,8.154
6044,7037,1765391135.4004498,0.85,0.009063482284545898,0.85,0.005
6132,7125,1765391136.3300486,-0.434,0.010028600692749023,0.416,4.413
6136,7129,1765391136.3705025,-0.416,0.008380889892578125,0.0,4.608
6160,7153,1765391136.6284645,0.85,0.009131431579589844,0.85,4.182
6252,7245,1765391137.6157272,-0.379,0.00935816764831543,0.358,8.232
6256,7249,1765391137.6650822,-0.21899999999999997,0.008008003234863281,0.139,8.401
6280,7273,1765391137.918793,0.21000000000000002,0.008895635604858398,0.263,8.048
6288,7281,1765391138.0060296,0.22400000000000003,0.011021614074707031,0.64,7.836
6312,7305,1765391138.2912328,-0.20400000000000001,0.030667781829833984,0.26,8.238
7517,8514,1765391151.652926,-0.217,0.010533571243286133,0.0,5.48
8760,9758,1765391165.4681914,0.85,0.008010625839233398,0.85,0.0
8852,9850,1765391166.4943912,-0.5069999999999999,0.009057283401489258,0.343,4.956
8856,9854,1765391166.5550516,-0.343,0.031005144119262695,0.0,5.152
8892,9890,1765391166.9366102,0.22199999999999998,0.01153421401977539,0.362,4.33
8916,9914,1765391167.209089,0.85,0.006520748138427734,0.85,4.411
9000,9998,1765391168.1350162,-0.379,0.011069774627685547,0.35,8.264
9004,10002,1765391168.183408,-0.259,0.009007930755615234,0.091,8.448
9028,10026,1765391168.445359,0.20600000000000002,0.012111186981201172,0.257,8.056
13834,14835,1765391225.5032005,0.85,0.01204371452331543,0.85,0.001
13918,14919,1765391226.517285,-0.28600000000000003,0.01200556755065918,0.564,4.913
13922,14923,1765391226.572517,-0.5249999999999999,0.00889730453491211,0.039,5.172
13946,14947,1765391226.8559659,0.55,0.008507728576660156,0.55,3.919
13950,14951,1765391226.914968,0.29999999999999993,0.0010008811950683594,0.85,3.31
14038,15039,1765391227.9779894,-0.44499999999999995,0.012509346008300781,0.265,8.314
14042,15043,1765391228.0330594,-0.24600000000000002,0.007504940032958984,0.019,8.509
14066,15067,1765391228.3187912,0.23500000000000001,0.012013435363769531,0.386,7.967
14094,15095,1765391228.6599395,-0.24,0.012869834899902344,0.199,8.268
14928,15929,1765391239.6199243,-0.43,0.014020919799804688,0.0,8.057
14952,15953,1765391239.9759696,0.29,0.0009951591491699219,0.29,6.825
14956,15957,1765391240.0181544,0.28099999999999997,0.014033317565917969,0.571,6.726
14972,15973,1765391240.2704737,-0.25599999999999995,0.04072761535644531,0.32,6.896
14976,15977,1765391240.301152,-0.32,0.012013673782348633,0.0,6.946
15024,16025,1765391241.0012493,-0.244,0.010237693786621094,0.048,6.161
15064,16065,1765391241.598194,-0.373,0.041310787200927734,0.228,5.53
15068,16069,1765391241.6283238,-0.228,0.011043071746826172,0.0,5.548
15140,16141,1765391242.695868,-0.204,0.015069961547851562,0.0,4.512
15204,16205,1765391243.7022033,-0.239,0.044825077056884766,0.11,3.752
15224,16225,1765391243.976927,0.321,0.014538288116455078,0.328,3.36
15236,16237,1765391244.158115,-0.23800000000000002,0.012541532516479492,0.219,3.423
15240,16241,1765391244.23392,-0.219,0.001003265380859375,0.0,3.491
15256,16257,1765391244.4602425,0.284,0.009539604187011719,0.284,3.033
15260,16261,1765391244.546238,0.286,0.04284024238586426,0.57,2.992
15268,16269,1765391244.6532228,-0.235,0.0010120868682861328,0.361,3.18
15272,16273,1765391244.6989536,-0.361,0.015537500381469727,0.0,3.268
15292,16293,1765391245.0038788,0.58,0.01355290412902832,0.595,2.66
15296,16297,1765391245.080954,0.255,0.0009999275207519531,0.85,2.639
15304,16305,1765391245.1982374,-0.3960000000000001,0.009054183959960938,0.408,2.941
15308,16309,1765391245.2508836,-0.32799999999999996,0.01502084732055664,0.08,3.14
15480,16481,1765391247.9333408,0.85,0.009521961212158203,0.85,0.002
15588,16589,1765391249.6609035,-0.36899999999999994,0.00962519645690918,0.448,8.356
15592,16593,1765391249.7440119,-0.448,0.0015141963958740234,0.0,8.641
15608,16609,1765391250.0054197,0.247,0.010016918182373047,0.247,7.89
15612,16613,1765391250.1093214,0.405,0.051856040954589844,0.652,7.701
15632,16633,1765391250.4525115,-0.38899999999999996,0.0010020732879638672,0.454,8.484
15636,16637,1765391250.5081284,-0.454,0.01862359046936035,0.0,8.623
15652,16653,1765391250.8073382,0.22500000000000003,0.01106119155883789,0.277,7.953
15656,16657,1765391250.9144387,0.28,0.05328035354614258,0.557,7.75
15660,16661,1765391250.9530432,0.2929999999999999,0.018054962158203125,0.85,7.642
15672,16673,1765391251.1766593,-0.32499999999999996,0.008027315139770508,0.525,8.27
15676,16677,1765391251.273908,-0.448,0.05146431922912598,0.077,8.476
15696,16697,1765391251.6233528,0.333,0.050811052322387695,0.343,7.892
15700,16701,1765391251.6594875,0.302,0.016534805297851562,0.645,7.717
15704,16705,1765391251.7392695,0.20499999999999996,0.009020090103149414,0.85,7.631
15716,16717,1765391251.9513564,-0.255,0.009023904800415039,0.595,8.288
15720,16721,1765391252.0176225,-0.5479999999999999,0.01845550537109375,0.047,8.554
15740,16741,1765391252.3783517,0.45999999999999996,0.0181276798248291,0.475,7.848
15744,16745,1765391252.45996,0.23199999999999998,0.008517265319824219,0.707,7.645
15760,16761,1765391252.7357712,-0.32499999999999996,0.015543699264526367,0.525,8.26
15764,16765,1765391252.824437,-0.43400000000000005,0.0015120506286621094,0.091,8.594
15784,16785,1765391253.1754265,0.395,0.0010039806365966797,0.397,7.796
15788,16789,1765391253.2271588,0.389,0.016155481338500977,0.786,7.694
15804,16805,1765391253.5375342,-0.248,0.04949235916137695,0.602,8.263
15808,16809,1765391253.5742753,-0.517,0.015144109725952148,0.085,8.554
15828,16829,1765391253.9255996,0.317,0.011040687561035156,0.335,7.878
15832,16833,1765391254.0241795,0.332,0.049791812896728516,0.667,7.699
15852,16853,1765391254.3559728,-0.38199999999999995,0.0009987354278564453,0.32,8.456
15856,16857,1765391254.407475,-0.32,0.017326831817626953,0.0,8.64
15876,16877,1765391254.744747,0.404,0.017068147659301758,0.557,7.823
15896,16897,1765391255.0771224,-0.37600000000000006,0.014658689498901367,0.288,8.374
15900,16901,1765391255.159682,-0.288,0.0010020732879638672,0.0,8.526
15916,16917,1765391255.407704,0.27399999999999997,0.015604972839355469,0.294,7.953
15920,16921,1765391255.4829712,0.26300000000000007,0.009510040283203125,0.557,7.786
15924,16925,1765391255.5397916,0.239,0.016030550003051758,0.796,7.695
15936,16937,1765391255.7361214,-0.252,0.015667438507080078,0.596,8.113
15940,16941,1765391255.8101962,-0.288,0.00751042366027832,0.308,8.351
15944,16945,1765391255.8672051,-0.308,0.016276836395263672,0.0,8.536
15964,16965,1765391256.1959627,0.305,0.01602649688720703,0.5,7.837
15968,16969,1765391256.264245,0.22199999999999998,0.010562419891357422,0.722,7.718
15984,16985,1765391256.5235353,-0.387,0.01701951026916504,0.366,8.264
15988,16989,1765391256.599353,-0.276,0.010017156600952148,0.09,8.488
16008,17009,1765391256.9360576,0.31200000000000006,0.0009999275207519531,0.403,7.849
16012,17013,1765391256.9862695,0.30499999999999994,0.01604461669921875,0.708,7.75
16028,17029,1765391257.2705657,-0.21599999999999997,0.04570198059082031,0.502,8.223
16032,17033,1765391257.3053005,-0.355,0.014168500900268555,0.147,8.43
16052,17053,1765391257.6279922,0.245,0.010041952133178711,0.361,7.916
16056,17057,1765391257.7206216,0.249,0.04640483856201172,0.61,7.777
16072,17073,1765391257.9598596,-0.732,0.011511564254760742,0.0,8.295
16268,17269,1765391260.9010556,0.85,0.0009999275207519531,0.85,0.002
16372,17373,1765391262.4260867,-0.275,0.009007930755615234,0.575,7.503
16376,17377,1765391262.4761229,-0.575,0.01359105110168457,0.0,7.751
16404,17405,1765391262.877232,0.385,0.015854835510253906,0.473,6.731
16424,17425,1765391263.167043,-0.314,0.0130462646484375,0.315,6.914
16428,17429,1765391263.2363594,-0.315,0.0,0.0,7.072
16452,17453,1765391263.5635426,0.24600000000000002,0.009582996368408203,0.403,6.225
16476,17477,1765391263.8825188,-0.24,0.013485193252563477,0.055,6.302
16524,17525,1765391264.5037916,-0.22799999999999998,0.01313471794128418,0.242,5.686
16992,17993,1765391270.5900156,0.85,0.0009996891021728516,0.85,0.001
17072,18073,1765391271.6385531,-0.44499999999999995,0.009546756744384766,0.405,5.174
17076,18077,1765391271.711406,-0.405,0.03807973861694336,0.0,5.393
17096,18097,1765391271.953446,0.697,0.013424873352050781,0.697,3.333
17140,18141,1765391272.552217,-0.6859999999999999,0.0010008811950683594,0.164,4.817
17164,18165,1765391272.862093,0.85,0.009989738464355469,0.85,4.397
17236,18237,1765391273.81502,-0.32999999999999996,0.012937784194946289,0.52,8.198
17240,18241,1765391273.8699083,-0.337,0.008555412292480469,0.183,8.437
17260,18261,1765391274.1369367,0.201,0.009518623352050781,0.201,8.032
17264,18265,1765391274.210309,0.24,0.0372312068939209,0.441,7.892
17268,18269,1765391274.238549,0.201,0.010242223739624023,0.642,7.795
17288,18289,1765391274.5110826,-0.264,0.010023832321166992,0.351,8.284
17292,18293,1765391274.5853755,-0.289,0.03892874717712402,0.062,8.393
17312,18313,1765391274.8222523,0.261,0.012544393539428711,0.451,7.918
17332,18333,1765391275.081493,-0.244,0.013260602951049805,0.606,8.006
17340,18341,1765391275.186002,-0.32200000000000006,0.013892650604248047,0.145,8.312
17360,18361,1765391275.446075,0.22499999999999998,0.013065576553344727,0.306,8.017
17368,18369,1765391275.5489852,0.21800000000000003,0.012524604797363281,0.679,7.833
17388,18389,1765391275.807989,-0.258,0.013260126113891602,0.225,8.25
17416,18417,1765391276.1692798,0.20999999999999996,0.013621091842651367,0.612,7.869
17436,18437,1765391276.433987,-0.20700000000000002,0.009029150009155273,0.3,8.24
18283,19285,1765391288.2226331,-0.225,0.010014533996582031,0.205,6.194
18327,19329,1765391288.8120978,-0.22599999999999998,0.01136326789855957,0.277,5.66
18359,19361,1765391289.2511714,-0.288,0.0009989738464355469,0.0,5.109
20364,21366,1765391315.668626,0.85,0.0,0.85,0.003
20440,21442,1765391316.6924095,-0.74,0.03799724578857422,0.11,4.892
20460,21462,1765391316.9388006,0.766,0.012445926666259766,0.766,3.676
20488,21490,1765391317.3189673,-0.367,0.013522624969482422,0.483,4.33
20492,21494,1765391317.3809974,-0.483,0.010027647018432617,0.0,4.606
20496,21498,1765391317.4272153,0.85,0.013662338256835938,0.85,4.713
20556,21558,1765391318.248689,-0.34500000000000003,0.008501052856445312,0.342,8.193
20560,21562,1765391318.3252006,-0.342,0.038985252380371094,0.0,8.364
20580,21582,1765391318.571574,0.259,0.01318812370300293,0.259,7.742
20584,21586,1765391318.629041,0.247,0.008520364761352539,0.506,7.566
20588,21590,1765391318.7039845,0.263,0.038483381271362305,0.769,7.481
20608,21610,1765391318.9712956,-0.21199999999999997,0.03719353675842285,0.638,8.127
20612,21614,1765391319.0008266,-0.35200000000000004,0.010032415390014648,0.286,8.347
20616,21618,1765391319.0674071,-0.286,0.0010123252868652344,0.0,8.52
20636,21638,1765391319.3232687,0.27,0.013022184371948242,0.483,7.886
20656,21658,1765391319.5843587,-0.2709999999999999,0.012094497680664062,0.553,8.035
20664,21666,1765391319.6881561,-0.324,0.013230085372924805,0.102,8.36
20680,21682,1765391319.9052396,0.211,0.0010089874267578125,0.211,8.0
20684,21686,1765391319.9465728,0.278,0.013260602951049805,0.489,7.897
20692,21694,1765391320.0538962,0.21699999999999997,0.013731002807617188,0.85,7.726
20704,21706,1765391320.2127144,-0.276,0.009590625762939453,0.506,8.166
20708,21710,1765391320.2792182,-0.274,0.0010058879852294922,0.232,8.393
20712,21714,1765391320.319942,-0.232,0.014084577560424805,0.0,8.459
20756,21759,1765391320.9209244,-0.21899999999999997,0.03866124153137207,0.346,8.282
20775,21778,1765391321.1601694,0.20199999999999999,0.013013124465942383,0.214,8.094
20783,21786,1765391321.2654052,0.21399999999999997,0.012619733810424805,0.563,7.878
20803,21806,1765391321.5251276,-0.26599999999999996,0.012696981430053711,0.317,8.21
